[
  [11,152,113,103,438,118,175,157,210,43,111,102,51,36,41,26,18,37,31,17,24,17,11,21,33,332,315,332,239,122,113,35,52,30,13,11,24,8,47,9,23,42,36,4,3884  ],
  [139,16,90,105,936,144,304,519,641,109,154,186,75,64,77,34,45,99,42,23,51,19,18,34,50,962,934,673,575,162,157,48,78,74,28,11,45,9,52,26,47,90,53,20,8018  ],
  [109,109,11,73,664,93,140,259,298,68,71,86,30,19,29,11,19,48,24,19,32,13,10,33,19,635,631,338,316,97,56,27,26,30,6,9,23,4,13,7,9,65,27,12,4618  ],
  [103,112,69,13,198,74,103,237,268,62,78,95,30,27,30,14,21,35,23,18,38,12,11,24,20,801,663,389,370,148,93,35,30,26,6,8,19,4,15,5,13,97,36,7,4479  ],
  [409,901,648,183,36,323,420,517,534,213,319,290,182,159,144,93,151,351,143,156,160,93,69,74,102,1490,1054,978,640,390,280,132,104,121,34,55,160,57,122,35,48,186,166,76,12796  ],
  [120,165,96,71,384,16,116,254,264,71,133,125,53,42,48,26,40,77,31,23,38,15,12,20,41,829,745,427,429,234,142,39,39,30,10,15,26,8,35,6,17,68,33,11,5424  ],
  [164,303,150,101,470,117,20,179,250,76,205,244,143,129,127,63,88,137,151,127,160,63,53,74,76,1198,1107,754,702,369,229,79,79,65,28,36,69,56,239,26,33,125,67,25,8955  ],
  [140,503,257,231,545,257,190,20,49,43,187,259,236,234,206,150,203,371,295,325,292,157,97,200,75,1337,1082,758,657,348,260,131,100,132,71,85,195,166,258,63,50,90,99,91,11493  ],
  [196,657,305,257,608,259,262,56,29,48,250,392,351,358,309,170,245,394,321,317,301,166,121,232,112,1446,1130,884,659,309,279,152,130,158,103,106,236,161,305,75,76,118,134,121,13296  ],
  [45,116,68,62,227,76,72,45,49,13,157,226,277,258,165,104,124,188,38,26,34,15,11,36,34,904,800,547,425,187,115,45,77,65,14,124,181,13,42,10,12,36,20,89,6167  ],
  [102,168,64,79,324,127,205,176,237,171,23,322,256,286,270,114,105,167,57,36,55,22,31,64,133,995,887,737,655,238,196,54,91,73,13,72,148,14,67,13,32,57,33,65,8033  ],
  [98,189,86,93,275,114,237,220,365,249,318,19,178,250,239,109,145,258,96,94,120,56,42,83,121,692,527,545,403,139,124,58,63,77,20,101,346,51,143,22,31,57,36,146,7637  ],
  [51,70,27,29,182,47,128,222,338,272,242,174,14,130,183,88,86,148,45,22,28,13,8,25,43,874,682,430,376,94,78,38,46,43,10,58,97,11,44,9,14,38,22,52,5631  ],
  [40,63,19,24,153,43,135,211,337,252,276,254,134,15,220,120,155,279,31,13,23,4,8,19,53,747,619,421,336,90,74,22,36,44,12,78,215,7,32,8,19,26,11,126,5807  ],
  [36,74,24,31,155,49,129,204,327,175,264,239,189,204,11,117,218,355,35,28,24,10,6,17,43,561,470,283,255,79,50,27,31,30,8,33,94,11,50,11,12,23,7,44,5040  ],
  [25,38,11,12,107,25,69,157,185,107,111,120,85,122,130,11,91,191,19,15,16,2,4,10,19,496,369,213,195,66,42,11,22,31,6,30,46,5,17,10,6,12,5,35,3299  ],
  [18,45,15,18,154,33,87,203,250,126,99,139,80,145,205,82,20,199,18,16,16,5,6,12,14,969,712,321,241,64,28,13,23,31,8,26,76,7,22,7,7,22,5,36,4620  ],
  [31,94,45,32,337,69,143,379,407,183,166,261,142,245,336,170,200,41,33,34,33,13,12,36,25,1936,1371,555,376,105,51,24,34,54,10,38,101,10,40,7,8,54,9,41,8291  ],
  [30,43,25,23,146,28,150,295,311,41,57,101,43,31,33,19,19,35,16,121,372,135,49,95,21,1055,882,422,357,89,69,33,42,58,23,7,11,60,380,22,28,113,24,7,5920  ],
  [16,21,18,19,161,21,133,339,329,28,36,101,22,14,28,14,16,36,126,20,149,69,35,117,16,1925,1401,469,392,102,54,42,31,55,18,3,8,43,154,18,29,165,26,7,6827  ],
  [24,50,32,35,160,33,152,280,288,37,61,121,28,22,25,11,17,36,343,141,22,70,47,170,21,1615,1122,459,305,82,56,44,35,56,24,8,8,79,263,25,25,178,30,4,6644  ],
  [15,17,11,12,98,15,62,158,171,14,24,57,12,6,9,2,4,14,115,50,66,13,23,88,4,1057,769,241,207,43,28,17,12,22,7,3,4,15,45,3,9,100,11,2,3654  ],
  [10,14,10,11,67,9,50,101,119,10,33,44,9,8,6,5,6,13,47,29,45,18,14,67,5,855,619,185,167,41,28,14,15,16,5,2,3,6,28,6,7,84,11,4,2848  ],
  [21,39,35,23,64,18,71,184,199,34,59,79,24,17,17,11,13,35,95,114,184,86,71,20,34,1294,1092,491,473,186,110,50,27,29,7,7,15,33,62,7,15,150,22,6,5621  ],
  [35,54,20,23,112,41,79,75,102,46,134,122,41,50,41,17,14,26,22,17,24,5,6,37,13,1736,1281,807,605,257,159,46,63,35,14,9,25,6,42,10,24,86,25,8,6394  ],
  [283,902,557,731,1233,666,1018,1045,1119,776,855,645,725,663,449,408,852,1710,885,1561,1371,965,803,1255,1524,189,147,807,531,1168,1523,1152,1378,1272,787,521,1731,520,677,624,582,578,1083,799,39069  ],
  [282,978,624,753,1062,710,1103,1068,1104,780,857,530,670,600,424,332,658,1314,855,1411,1192,851,679,1272,1205,126,131,317,463,1371,1862,1375,1650,1454,863,467,1315,455,637,688,609,547,1226,592,37461  ],
  [400,926,428,481,1126,479,912,836,982,666,890,595,557,536,341,253,395,653,526,602,562,311,229,665,872,575,200,145,360,1860,2293,1465,2907,1506,758,277,703,264,537,511,498,1315,792,302,32492  ],
  [276,725,364,467,800,475,839,816,870,514,733,461,450,379,274,207,250,409,423,457,390,233,206,592,625,544,491,411,79,852,1210,698,1254,729,465,223,513,216,506,352,339,545,474,205,22340  ],
  [133,206,112,156,401,245,398,367,321,205,262,138,105,100,80,64,66,106,95,110,92,46,42,214,263,1138,1407,1594,742,40,313,376,633,302,162,52,134,53,139,110,139,236,252,48,12195  ],
  [133,182,56,103,304,140,240,276,291,134,201,127,85,73,54,43,30,52,80,60,64,28,30,115,157,1808,2323,1994,1131,314,47,313,632,287,165,27,78,31,108,100,163,226,246,36,13088  ],
  [35,55,30,36,143,38,80,140,166,54,63,56,42,23,28,11,15,30,38,69,48,22,23,63,42,1295,1741,1277,762,397,308,29,127,85,68,17,52,12,53,37,77,119,143,19,7967  ],
  [53,80,29,31,117,36,90,111,155,81,98,64,52,40,32,20,24,40,46,34,38,14,18,29,58,1591,2594,2367,1383,715,661,128,55,137,124,10,60,18,68,80,146,114,168,20,11828  ],
  [34,78,29,25,126,31,72,134,162,67,64,74,46,43,32,27,33,55,58,57,61,22,17,29,33,1330,1653,1273,705,291,281,78,122,27,43,16,93,22,49,54,151,178,240,31,8043  ],
  [13,31,6,8,34,10,30,69,107,11,16,19,10,12,8,8,7,11,24,20,25,5,4,7,10,810,970,645,477,164,166,66,123,51,14,2,23,9,29,16,72,101,120,3,4367  ],
  [8,12,8,8,61,14,36,83,111,121,76,107,57,72,32,28,23,39,8,4,9,3,2,6,8,605,491,221,195,49,26,15,13,16,3,7,129,1,5,4,5,23,4,100,2848  ],
  [21,42,23,17,165,27,73,196,246,184,142,348,96,218,88,49,73,103,14,9,8,2,3,14,26,2029,1310,630,467,125,77,52,54,92,23,118,24,3,12,23,18,137,22,33,7435  ],
  [7,9,5,4,61,8,52,175,170,14,16,54,10,6,11,6,7,11,64,34,89,15,8,29,8,612,476,234,192,48,32,10,18,23,9,2,2,8,74,10,9,59,13,2,2705  ],
  [51,44,13,16,126,36,231,262,300,49,67,141,47,27,55,18,22,40,384,135,270,45,24,53,42,820,700,428,425,130,104,45,60,48,24,5,13,66,18,25,43,127,27,8,5614  ],
  [8,29,8,5,35,7,25,69,79,11,12,22,10,10,10,9,6,7,20,20,25,3,6,5,12,651,776,446,359,114,93,36,74,61,17,2,21,9,27,11,45,42,60,6,3301  ],
  [24,43,8,13,43,15,36,51,80,11,29,28,12,16,11,8,7,8,29,30,23,9,6,15,19,605,649,426,313,141,151,73,131,143,65,7,19,9,44,47,11,60,72,4,3542  ],
  [38,85,61,89,199,61,110,66,116,33,65,65,40,28,22,13,25,61,102,153,166,89,72,136,61,579,550,1525,583,231,209,113,105,179,90,22,136,52,121,40,59,54,347,42,6994  ],
  [31,52,28,37,171,33,69,105,144,20,29,37,20,12,7,7,6,10,27,26,31,14,12,25,26,1165,1362,756,487,267,246,142,141,219,107,4,20,14,27,58,79,384,33,9,6501  ],
  [4,19,12,6,74,10,26,92,122,81,67,139,45,119,44,30,33,35,7,6,5,2,4,5,7,877,573,261,179,46,35,17,19,29,3,87,35,2,6,5,4,40,9,13,3231  ],
  [3822,8513,4648,4646,13280,5189,9071,11405,13201,6303,8112,7809,5763,5846,4928,3123,4596,8261,5883,6597,6775,3767,2965,6137,6126,44087,39806,28416,20186,12363,12506,7396,10780,8046,4291,2802,7278,2607,5652,3233,3639,6964,6284,3310,396414  ]
]